1000
359 197
257 474
223 192
363 151
129 116
490 44
94 421
327 43
191 95
55 129
489 447
430 445
23 233
371 248
202 177
133 315
97 145
480 417
311 340
65 222
91 105
292 83
34 192
265 452
385 211
442 146
170 434
10 14
202 1
409 292
438 7
176 202
324 117
149 94
156 123
262 293
140 130
149 23
146 192
428 271
240 384
25 171
373 316
184 84
54 338
410 262
379 487
68 153
313 300
377 387
143 311
68 86
21 109
438 196
124 44
163 386
174 232
61 445
111 489
208 430
110 298
308 433
99 223
130 61
125 274
207 209
419 317
407 88
241 62
405 279
437 28
315 431
312 238
256 259
178 296
342 290
362 41
408 458
190 231
346 377
284 127
296 55
281 383
240 271
383 196
10 482
187 14
444 382
131 475
358 274
309 79
33 248
79 327
442 48
124 414
40 117
454 418
476 62
419 100
477 100
208 445
204 177
108 35
325 165
16 444
465 51
396 487
40 173
161 355
400 438
105 274
327 208
207 267
134 17
427 203
312 423
165 338
219 410
371 237
62 26
295 228
497 497
449 84
314 163
328 494
406 475
347 276
457 175
73 265
60 16
123 474
115 257
68 461
240 381
400 155
342 140
187 86
303 232
107 280
464 65
302 160
99 425
203 225
42 62
168 351
3 300
158 146
300 482
281 441
83 253
149 52
15 238
389 238
89 412
269 337
339 153
281 317
420 194
6 161
260 401
364 375
66 493
257 297
166 407
251 52
448 423
303 319
399 479
182 112
89 279
266 321
419 306
309 183
449 17
17 216
324 307
52 367
49 496
78 294
343 393
284 33
279 151
405 288
347 427
455 29
373 89
467 498
372 209
18 142
401 99
357 211
203 62
40 191
27 120
253 18
112 247
186 298
366 168
184 283
498 398
405 491
176 33
290 315
127 76
372 301
63 186
467 29
325 127
126 485
10 309
304 471
228 182
304 191
394 281
74 35
214 354
77 148
321 294
323 380
358 264
104 300
307 11
73 44
111 150
328 72
38 277
40 260
379 20
167 62
92 211
65 243
254 370
204 308
481 491
80 177
14 112
18 366
141 179
285 414
462 438
164 21
298 304
432 385
241 323
7 274
82 440
257 375
146 128
429 77
234 317
322 378
376 494
299 451
61 390
398 229
98 120
391 154
282 51
35 35
199 444
388 164
80 23
356 259
476 80
43 54
13 252
221 351
258 382
82 435
98 163
230 191
247 462
249 188
288 5
471 284
242 391
456 167
168 34
165 114
414 33
426 338
383 16
390 454
420 256
298 11
108 38
4 74
407 33
220 422
391 196
327 285
102 429
327 466
364 0
62 203
445 385
42 41
9 181
279 397
357 486
214 213
412 95
0 234
479 288
114 80
97 46
394 427
302 259
33 457
468 216
342 429
281 232
111 340
219 49
344 361
292 19
293 48
27 236
53 412
263 242
41 245
405 452
278 129
375 492
84 138
489 122
227 48
380 481
458 487
211 316
411 296
327 343
231 212
184 110
232 460
285 109
331 60
46 191
161 61
179 76
150 274
91 51
420 426
27 168
440 170
0 399
463 98
206 355
404 314
229 258
311 43
327 463
496 411
393 472
138 439
316 431
467 71
485 310
187 290
356 416
485 271
287 401
299 66
415 432
132 327
213 253
393 387
340 277
462 482
165 273
368 59
296 368
453 0
476 139
383 149
336 83
190 171
90 484
291 420
59 101
44 373
118 134
131 429
43 361
339 383
417 412
287 171
401 275
116 156
423 377
17 234
333 170
391 115
449 97
185 442
394 463
246 273
152 139
460 386
281 206
195 467
94 257
137 489
487 111
327 115
485 361
364 235
140 397
347 408
294 11
226 7
87 432
392 222
138 381
257 445
227 295
192 49
211 140
340 489
226 30
292 402
202 14
479 262
95 461
485 111
280 122
473 71
296 269
227 34
296 428
480 39
64 152
394 427
350 299
299 345
404 260
465 224
203 406
413 232
270 352
103 89
20 312
190 239
119 58
54 67
409 306
229 282
384 129
322 343
23 385
247 79
369 128
251 111
133 333
266 400
126 18
466 353
253 417
202 217
357 77
171 361
317 376
280 103
178 461
374 73
271 337
375 383
289 2
236 279
479 250
349 436
414 352
272 33
490 242
139 351
376 363
151 460
14 9
207 346
316 311
293 159
212 434
380 382
463 94
176 9
121 267
254 221
144 401
150 207
457 2
56 344
133 391
297 412
30 372
365 345
296 440
1 1
117 135
413 289
259 382
387 141
498 390
59 493
193 419
104 297
290 227
290 244
110 253
4 480
452 140
458 166
479 384
14 204
183 60
299 495
356 135
440 485
255 325
367 174
339 250
234 135
8 62
408 427
220 452
342 363
405 469
183 67
54 178
318 17
159 390
444 35
479 31
182 116
203 455
250 300
135 305
57 207
303 297
246 130
425 206
321 161
401 418
461 156
450 14
122 30
449 137
286 473
335 422
348 135
281 209
159 2
423 380
412 274
465 40
297 205
299 297
256 192
475 458
242 350
226 262
463 106
298 326
348 54
368 209
18 344
69 136
199 257
10 317
281 303
156 485
487 156
97 89
476 43
233 202
379 360
449 200
12 435
491 99
53 294
99 253
168 11
154 172
82 498
439 218
185 454
205 114
278 231
322 210
148 130
132 244
404 28
104 485
206 136
339 43
274 333
233 13
417 250
186 235
116 428
94 477
7 89
422 61
348 252
282 462
121 419
401 385
362 144
111 57
36 350
343 345
317 117
281 101
281 248
103 194
498 292
274 222
166 216
57 257
371 278
288 291
355 97
192 492
85 441
402 104
129 240
40 133
148 206
94 224
446 246
305 95
76 396
183 254
200 329
442 464
5 134
419 278
267 495
319 409
313 403
67 234
279 307
239 272
142 146
395 418
287 491
36 276
86 368
43 235
234 169
73 370
293 130
409 170
281 304
205 0
53 355
119 444
450 492
487 260
444 246
476 28
26 265
333 319
422 199
480 220
279 348
90 123
408 295
228 371
381 273
160 443
450 473
106 234
264 406
220 496
280 463
46 396
114 385
256 195
315 35
296 24
461 237
14 365
378 31
86 255
213 115
411 336
50 270
254 423
92 497
495 306
295 140
494 298
386 30
294 76
474 404
478 217
393 422
2 158
413 413
150 91
294 347
140 474
93 294
270 480
399 77
59 156
452 280
85 372
283 481
178 88
248 249
425 351
326 388
409 26
230 414
130 482
234 21
88 141
174 371
229 460
24 235
135 256
195 387
249 232
181 99
355 358
244 273
256 152
452 290
479 71
164 338
179 356
414 374
70 172
384 236
398 311
387 59
257 381
222 448
23 58
385 87
350 319
162 201
468 308
410 175
478 157
72 289
463 35
281 193
269 389
253 61
452 63
227 267
457 91
190 331
165 401
153 172
60 226
459 158
222 7
271 187
418 227
494 184
236 432
484 363
59 426
201 221
401 124
113 61
283 478
376 346
361 308
429 226
163 290
446 105
148 50
371 159
160 403
438 139
105 278
397 165
395 231
492 482
248 285
475 320
116 446
395 200
217 336
279 170
343 432
349 37
135 11
441 478
214 259
108 142
290 447
275 491
14 69
238 262
86 40
459 383
253 442
113 50
96 347
71 407
497 354
264 374
185 209
378 422
365 130
42 112
304 151
253 362
62 181
233 484
258 69
281 160
412 410
455 466
119 214
329 369
240 432
253 25
78 147
378 433
179 195
321 451
127 241
389 141
201 49
66 1
216 221
281 227
287 299
212 83
319 386
239 65
5 12
400 166
497 320
198 207
361 111
376 360
55 463
480 342
280 382
19 224
319 109
363 297
40 232
123 226
50 480
22 306
395 207
1 470
54 109
14 122
479 40
145 396
89 277
313 79
243 233
383 405
361 126
333 384
132 360
4 379
32 99
418 83
150 110
235 180
435 160
267 170
134 161
38 334
171 219
151 185
78 131
144 465
128 245
239 300
283 96
267 229
238 451
178 77
226 197
412 416
305 63
377 161
279 467
422 105
35 270
375 392
442 43
76 117
470 42
347 482
133 17
336 475
248 266
21 482
20 497
152 79
26 142
315 134
49 259
231 181
116 213
435 186
337 125
203 368
183 445
284 258
454 122
133 408
232 478
344 426
377 400
319 239
153 245
124 97
349 176
430 6
440 399
450 189
143 476
102 263
472 324
246 126
463 358
479 336
364 36
323 463
375 186
177 248
1 413
360 490
217 268
232 100
100 267
33 186
298 350
304 384
450 212
325 235
63 262
34 226
64 85
289 163
408 267
182 127
440 263
147 403
141 311
251 449
398 62
256 165
429 58
237 4
213 173
412 170
372 203
303 334
9 155
283 286
313 116
347 160
227 300
452 64
418 363
247 91
385 350
427 346
334 146
425 457
49 69
342 205
445 288
291 380
446 347
408 394
130 364
98 424
362 271
220 244
7 334
78 194
82 30
274 394
208 225
177 152
142 401
492 216
372 13
449 53
359 37
10 78
351 490
49 237
335 422
17 480
44 219
112 497
132 305
276 57
473 493
3 289
411 336
344 116
486 345
116 342
313 181
40 178
449 142
316 210
377 392
291 59
26 247
188 234
288 108
64 80
331 133
319 250
119 137
163 393
264 272
111 108
360 43
433 0
269 166
217 468
316 226
279 278
495 19
199 77
291 410
215 312
105 173
301 189
489 478
193 253
310 229
464 394
207 256
305 123
308 123
33 210
447 197
337 186
332 44
3 436
450 367
78 137
250 302
339 435
494 468
282 402
359 180
116 229
195 439
337 305
321 263
214 90
249 406
147 16
62 122
77 171
266 218
174 25
311 9
226 4
106 317
303 65
362 257
0 117
103 441
404 263
146 128
73 69
35 44
169 86
147 81
24 112
114 497
147 44
79 158
76 369
381 73
463 424
47 306
150 27
335 229
380 365
222 39
254 362
431 215
14 410
353 493
72 232
407 430
399 19
421 120
338 29
403 448
457 391
232 328
63 178
269 409
283 73
314 230
155 134
307 40
102 427
418 102
491 379
487 169
371 238
327 55
109 219
192 190
264 437
208 80
486 384
31 320
268 188
421 275
128 193
278 420
97 37
10 229
453 90
363 250
491 413
255 155
8 178
305 373
222 401
3 43
224 333
147 75
375 205
54 102
282 104
35 101
178 389
307 329
8 176
355 105
363 141
288 370
252 452
438 452
379 82
105 12
239 435
388 325
252 440
175 491
222 466
22 62
470 400
93 363
66 10
116 102
228 232
369 202
298 410
71 149
333 50
300 325
243 106
450 299
26 329
311 303
493 51
95 212
275 424
396 217
493 162
302 457
416 235
69 193
250 133
115 51
314 349
239 353
393 294
460 85
4 95
437 478
420 44
232 9
181 313
199 14
345 485
317 335
166 156
372 173
254 77
471 359
336 239
361 176
211 454
497 254
135 313
80 202
67 475
210 289
327 172
330 288
36 419
317 456
242 494
128 21
428 178
480 151
227 222
186 19
196 82
59 484
125 393
315 20
171 256
425 71
342 225
439 356
481 430
17 292
453 174
264 105
180 430
324 322
437 89
23 86
86 151
237 403
137 255
143 66
89 404
452 78
32 24
346 19
84 313
211 491
478 396
132 471
409 125
408 477
187 77
234 482
368 259
395 82
280 433
9 174
44 56
458 253
328 149
176 235
413 344
261 102
200 445
277 421
245 309
77 108
14 369
208 391
492 323
234 19
395 15
96 67
307 336
470 170
162 29
25 297
470 123
437 5
155 460
417 22
323 317
79 78
481 183
21 465
329 209
2 94
372 440
476 312
41 460
405 225
19 13
365 158
247 65
487 318
284 375
366 33
432 4
133 217
321 46
33 434
262 97
479 9
134 326
322 394
308 481
177 343
168 298
61 289
437 222
399 245
160 497
356 435
482 289
42 203
353 492
471 5
133 438
324 34
213 474
37 176
214 214
414 210
369 289
34 364
200 191
132 27
88 114
399 153
19 33
139 98
93 189
30 198
235 261
362 134
332 448
456 231
424 230
345 117
95 90
415 345
174 197
346 193
218 415
468 408
327 84
103 430
344 181
311 140
437 428
88 155
487 116
164 320
189 324
420 150
390 177
357 359
274 318
332 8
78 234
476 198
237 53
282 307
254 308
350 266
189 87
485 358
428 3
161 444
264 403
263 359
145 320
303 66
381 56
303 67
333 257
137 214
261 424
67 340
68 487
105 214
175 312
417 194
351 459
217 492
481 428
237 120
274 186
397 476
118 6
176 261
107 411
324 309
93 269
132 422
32 323
148 16
389 477
257 61
135 429
136 365
39 264
37 386
93 312
79 155
336 16
239 256
479 150
184 199
185 377
334 0
416 424
115 0
179 271
292 237
439 255
242 299
142 118
256 178
4 237
358 287
29 406
156 68
18 366
67 59
327 89
169 385
0 217
377 439
386 447
208 16
5 137
473 388
297 19
285 326
490 28
370 55
51 253
155 325
325 356
321 366
203 463
95 137
172 123
189 3
323 56
459 360
228 387
58 213
303 298
483 291
72 112
399 327
373 140
188 11
95 244
2 312
296 230
333 459
324 105
171 256
86 260
265 2
334 49
255 242
274 492
250 11
283 18
215 306
163 254
149 446
182 297
307 451
387 156
355 271
323 393
25 109
195 313
263 283
242 73
229 257
335 96
47 490
57 48
370 463
420 170
224 228
198 238
95 299
228 26
220 437
37 446
392 383
440 106
88 138
287 26
139 129
96 98
231 159
475 102
10 97
317 89
259 100
