1000
331 55
442 327
461 231
245 135
385 482
98 351
180 167
337 157
314 452
436 338
118 85
142 141
208 29
176 264
344 302
132 470
372 269
367 428
33 142
464 392
126 331
178 470
438 110
256 20
109 386
72 296
134 173
343 70
367 393
214 43
201 218
457 442
118 466
375 384
366 136
65 65
84 5
19 309
316 53
355 42
223 358
154 105
345 11
248 172
39 346
236 154
489 393
481 340
336 368
82 131
397 104
379 472
314 411
139 403
117 168
294 167
426 470
298 416
376 316
385 474
267 309
173 425
447 175
222 121
489 118
74 420
239 443
450 38
194 379
425 478
387 267
338 98
13 233
55 334
124 490
216 152
97 124
167 9
135 452
400 470
442 358
186 25
209 83
331 24
45 283
390 256
449 382
327 392
377 216
22 167
3 63
495 135
354 496
159 391
483 76
66 31
374 17
331 448
124 469
105 221
339 265
169 298
50 64
93 94
236 267
34 234
155 374
29 26
368 336
453 138
436 431
335 399
235 176
392 52
125 428
340 276
388 333
92 238
140 314
334 450
354 14
165 448
285 148
149 125
223 168
429 140
314 289
21 462
250 30
100 252
90 343
336 148
208 32
472 207
244 372
380 64
260 459
370 152
110 243
74 384
317 217
172 418
420 182
376 319
142 128
74 407
438 381
459 368
138 38
86 414
200 193
473 402
139 220
382 175
372 385
314 345
472 457
66 471
57 216
208 212
371 225
297 396
337 360
114 366
277 251
68 363
49 411
176 422
20 287
490 52
352 122
151 386
356 322
331 168
93 164
109 188
200 327
368 372
349 142
369 418
454 402
340 124
435 346
44 145
374 380
65 376
337 92
3 486
337 257
402 69
9 31
22 148
119 53
40 234
482 493
414 456
31 182
195 426
329 158
249 327
348 490
266 358
89 362
100 427
14 44
150 284
18 159
65 101
151 43
331 69
342 432
404 321
199 474
443 138
162 26
483 128
211 53
127 42
447 428
450 408
63 473
319 474
340 161
391 321
300 137
426 380
169 231
444 146
394 29
229 200
136 324
400 147
325 55
134 56
78 149
374 423
327 43
257 346
152 75
287 275
480 225
86 213
90 411
124 418
141 324
139 442
485 86
55 324
487 395
364 181
486 55
147 276
441 471
83 477
186 194
367 289
441 146
496 312
268 331
329 71
85 436
3 458
315 220
328 288
332 167
266 344
469 1
246 260
337 457
482 318
284 382
295 134
194 76
250 178
270 26
406 288
201 246
108 103
364 145
274 238
224 450
159 391
392 274
92 275
109 356
21 421
221 1
357 295
276 293
446 15
168 183
455 154
142 39
472 244
359 349
179 115
202 384
160 200
75 211
207 85
415 15
437 186
309 305
169 161
26 454
195 117
78 127
238 54
116 271
64 265
289 474
414 131
455 243
215 426
78 391
102 282
185 337
344 439
263 343
124 400
21 17
314 348
482 260
258 244
444 460
218 431
485 237
458 494
494 277
161 243
449 425
46 415
232 191
238 423
452 458
18 231
348 398
258 168
197 22
73 434
367 408
465 237
455 195
399 466
112 50
369 317
135 158
332 293
399 436
75 254
198 57
370 76
415 484
331 299
469 30
394 90
70 110
255 392
162 326
316 35
83 327
90 234
220 95
338 307
116 370
205 172
434 186
320 445
308 364
177 470
46 93
214 280
480 338
182 171
421 424
290 137
404 278
170 193
301 254
229 338
487 320
279 280
266 347
143 469
422 153
107 155
466 56
109 22
98 69
173 45
142 6
434 158
174 332
482 178
270 476
130 49
368 324
464 445
375 96
120 377
288 161
34 371
483 497
191 325
221 276
325 391
335 187
301 421
346 121
134 485
315 391
207 204
265 275
54 170
171 372
369 450
299 109
166 10
288 410
373 213
280 262
102 191
239 190
218 490
208 294
496 51
305 491
480 342
264 238
23 421
406 81
397 343
113 68
143 156
209 159
151 111
225 213
292 469
176 470
463 59
247 126
420 32
371 423
262 463
379 299
249 7
271 337
67 244
250 194
186 109
101 487
462 353
164 163
493 72
166 135
52 299
377 45
307 270
13 339
413 447
186 462
68 485
83 269
322 316
433 297
42 394
266 482
252 68
11 348
117 330
57 234
364 237
19 219
205 5
157 7
422 481
117 140
395 206
10 231
431 236
418 1
2 477
109 89
286 492
346 40
92 281
465 224
383 16
87 185
12 455
188 313
462 186
339 19
197 95
185 246
431 304
88 300
192 420
339 248
341 222
289 23
54 324
358 467
244 323
30 407
224 259
2 200
340 477
293 493
459 475
136 220
312 411
315 322
430 33
135 80
20 86
339 60
269 223
345 453
204 336
464 427
257 431
33 196
369 167
314 496
385 61
293 23
154 434
482 360
320 119
20 389
471 410
311 330
266 300
40 452
187 386
220 114
58 141
478 472
211 42
10 380
70 4
485 412
13 226
345 37
10 488
286 245
112 251
445 228
60 368
254 73
77 444
70 157
45 157
373 170
31 55
237 358
412 379
116 491
173 301
346 105
447 333
422 386
63 483
213 342
329 264
497 251
94 217
59 223
429 96
408 483
188 364
42 360
412 22
111 184
178 156
29 38
283 496
58 411
399 358
268 395
374 221
482 270
156 111
159 350
45 229
390 377
430 169
436 219
20 444
314 164
442 205
282 448
314 329
415 11
304 399
84 166
165 103
382 447
147 486
2 169
450 47
263 462
58 131
363 99
494 444
343 254
59 249
371 95
289 290
282 10
293 343
375 322
128 368
230 435
219 466
402 195
119 430
31 240
258 142
333 40
309 240
301 467
85 252
71 84
85 270
21 407
159 356
210 20
63 103
60 159
207 463
115 354
12 117
150 254
65 426
128 101
231 242
128 262
418 498
178 440
190 259
490 210
27 439
0 294
303 61
204 63
95 339
364 401
141 147
88 485
46 86
212 157
343 157
481 336
299 78
305 363
60 147
376 134
393 455
166 172
291 171
310 31
156 361
24 280
431 392
20 106
61 1
427 464
138 295
404 344
406 164
280 387
0 342
367 344
27 174
12 447
257 375
9 252
9 481
229 46
201 318
314 381
154 9
141 186
468 421
199 350
108 367
114 286
61 237
143 423
103 251
181 296
20 47
233 235
158 169
191 248
156 347
240 84
173 318
218 30
96 170
138 303
318 114
259 135
64 237
381 154
440 189
68 85
89 79
372 53
406 20
285 37
102 140
268 189
136 305
483 334
348 275
63 314
17 306
436 251
77 76
281 220
138 19
213 11
172 493
80 480
242 233
67 318
373 343
162 2
230 421
136 399
56 88
28 425
251 440
449 356
77 294
360 281
207 401
70 26
94 98
349 163
160 374
159 431
43 289
425 385
16 192
248 385
182 333
400 296
411 444
439 456
358 238
0 433
487 283
78 360
88 93
156 294
485 309
253 165
385 313
422 177
63 31
444 479
43 225
391 216
232 59
203 150
229 311
387 474
51 56
94 20
453 258
418 391
197 340
204 413
245 486
374 129
4 215
98 470
473 28
497 451
306 266
487 173
378 365
230 121
79 20
128 407
118 4
72 249
9 71
29 47
264 392
246 444
227 241
307 91
474 453
64 328
70 278
493 355
69 221
181 49
299 305
206 141
204 42
4 34
267 31
364 423
28 68
52 475
349 483
359 163
28 247
419 282
220 495
256 362
100 347
77 280
175 199
138 447
268 256
319 134
289 418
145 280
77 94
38 329
78 213
489 390
224 85
109 288
384 215
190 336
364 115
407 205
250 160
375 485
322 437
454 109
33 197
121 437
176 290
491 239
43 139
321 309
105 199
3 388
259 312
424 456
79 47
479 393
252 137
178 466
17 46
188 298
486 490
471 401
21 256
451 82
251 223
395 399
288 95
315 443
190 281
495 212
134 5
70 49
318 472
315 412
36 109
273 26
314 15
109 300
280 265
354 444
380 240
237 458
53 90
448 78
257 190
68 85
87 51
257 415
333 344
361 91
276 238
121 391
84 482
82 304
181 487
408 47
148 293
307 190
435 159
188 73
165 168
368 317
324 433
325 5
91 473
449 464
377 470
377 12
71 444
379 464
317 183
164 364
185 284
144 212
9 224
40 407
447 421
244 289
125 195
452 292
31 7
20 218
470 442
305 423
180 293
385 117
73 124
3 152
181 317
83 205
239 432
479 12
73 54
338 331
259 20
209 253
482 176
393 299
414 16
200 387
179 147
455 189
234 256
114 121
345 407
297 401
254 356
180 460
366 143
284 398
247 429
375 211
11 458
277 360
374 19
441 445
64 81
408 35
270 384
344 495
255 11
440 450
402 153
356 450
257 284
374 119
295 436
230 235
412 450
488 443
176 466
67 426
339 350
225 300
113 312
406 58
46 486
124 186
112 346
383 26
175 282
335 367
212 4
241 121
110 153
61 6
414 489
137 37
315 113
247 420
457 415
356 172
488 243
369 425
316 146
54 359
473 26
357 85
401 39
474 0
141 297
75 149
92 126
111 246
213 195
127 183
62 374
266 217
282 483
449 56
383 246
332 211
459 60
136 220
283 81
392 345
217 4
108 459
394 415
427 277
387 121
233 184
61 371
357 313
89 291
242 312
178 356
167 385
156 334
466 355
304 316
62 32
470 261
456 269
344 385
279 396
416 237
3 64
200 478
353 275
480 437
462 361
191 109
278 205
378 255
76 470
317 32
49 240
260 248
253 225
108 198
36 160
415 427
428 45
24 377
424 283
438 218
52 297
14 192
49 231
120 25
258 359
23 362
211 236
39 439
466 452
190 275
174 6
200 165
342 486
22 447
156 293
154 313
115 211
68 341
311 304
424 488
276 368
224 395
145 368
61 440
284 247
313 108
188 472
75 369
400 248
277 393
164 392
223 429
26 124
91 360
432 283
468 26
450 94
273 413
42 270
362 21
352 279
155 292
50 441
107 439
147 329
407 243
256 221
19 77
90 282
358 143
245 257
130 419
54 135
274 125
422 146
259 247
173 359
387 182
468 194
488 218
449 467
473 326
160 215
253 427
375 13
121 201
403 287
384 396
54 59
83 436
469 131
100 353
200 103
268 60
302 71
283 48
451 359
178 225
66 38
153 337
72 202
258 430
487 450
273 401
114 176
358 65
313 30
141 121
50 181
494 88
123 113
54 462
201 275
17 281
29 366
428 380
97 411
241 56
12 395
179 91
99 371
471 360
398 427
161 185
60 407
21 387
176 456
440 413
338 398
189 245
192 158
192 238
264 212
415 180
119 458
77 183
229 348
358 393
391 86
194 425
133 213
149 157
7 322
13 167
360 87
459 306
92 378
310 321
101 208
181 304
46 34
291 265
389 452
71 342
431 157
102 280
359 367
139 188
407 261
477 186
101 60
497 296
149 322
183 392
149 37
30 62
455 455
88 497
494 136
192 336
461 411
397 331
72 299
228 338
387 405
483 328
78 258
430 164
217 204
166 69
446 482
425 465
442 177
132 20
271 495
121 242
179 19
481 189
323 325
408 440
156 384
466 90
480 269
417 252
442 256
117 136
56 80
103 134
412 18
442 302
256 356
138 146
29 46
438 472
64 99
469 451
378 422
452 16
99 61
463 279
413 385
462 95
436 173
72 394
4 341
327 218
146 36
408 36
476 157
414 159
128 265
453 200
311 171
154 10
125 176
46 235
473 369
441 66
0 491
489 15
347 174
18 312
292 23
83 428
67 440
121 474
57 69
140 164
30 373
111 363
61 15
158 496
159 191
86 469
193 400
443 283
118 306
315 127
478 306
268 356
121 229
317 294
112 308
123 470
63 66
357 160
314 395
106 189
326 445
51 180
10 169
484 14
15 336
36 42
184 452
94 191
19 65
127 0
17 4
393 426
95 436
291 333
318 11
120 54
338 129
480 176
195 119
190 314
33 57
417 199
431 405
105 79
64 199
143 321
374 63
397 282
70 498
472 458
155 438
112 349
332 110
289 399
203 174
309 259
226 89
351 403
8 269
132 186
289 183
354 401
82 79
91 494
474 135
269 151
266 260
304 89
180 363
420 337
15 485
290 99
420 291
140 117
271 144
212 473
116 306
335 228
124 245
166 330
33 186
55 193
463 431
238 358
230 455
393 465
377 374
380 356
36 296
51 236
375 79
224 445
312 64
157 420
140 260
487 413
82 339
201 321
161 404
365 430
2 303
384 251
170 27
325 256
56 454
455 52
215 479
71 479
289 319
206 425
246 34
403 274
151 249
368 124
399 62
403 308
7 249
207 412
408 36
416 51
140 426
98 144
498 331
15 0
362 360
107 367
123 441
334 337
300 378
294 384
182 411
223 376
180 293
81 44
456 410
261 192
120 248
263 18
383 264
324 44
7 297
225 123
425 162
46 240
422 426
194 182
493 460
109 443
324 330
380 212
93 444
62 166
17 201
1 455
467 111
44 14
83 478
233 470
13 114
111 147
234 398
224 438
306 223
230 242
338 390
107 17
289 351
323 316
426 45
284 339
130 283
397 143
362 152
339 398
258 32
242 154
319 146
495 409
100 65
358 334
477 57
9 323
251 311
371 194
129 87
72 267
263 266
63 73
263 90
293 332
183 185
387 347
35 59
49 224
252 327
111 410
45 185
285 73
429 49
68 16
120 180
334 145
157 327
457 304
189 79
369 29
52 406
330 88
328 315
371 129
294 321
436 489
450 430
166 494
467 485
57 276
77 126
157 68
93 229
198 300
427 87
164 10
116 154
140 418
306 224
487 442
459 329
113 49
306 354
126 88
